 0.000  0.000 -0.407
 0.500  0.029 -0.269
 1.000  0.058 -0.130
 1.500  0.088  0.009
 2.000  0.117  0.147
 2.500  0.146  0.284
 3.000  0.175  0.421
 3.500  0.204  0.556
 4.000  0.233  0.685
 4.500  0.260  0.816
 5.000  0.287  0.944
 4.500  0.258  0.808
 4.000  0.228  0.671
 3.500  0.199  0.537
 3.000  0.171  0.404
 2.500  0.143  0.270
 2.000  0.114  0.136
 1.500  0.086  0.001
 1.000  0.057 -0.134
 0.500  0.029 -0.270
 0.000  0.000 -0.407
 0.000  0.000 -0.407
-0.500 -0.029 -0.546
-1.000 -0.058 -0.684
-1.500 -0.087 -0.823
-2.000 -0.017 -0.961
-2.500 -0.145 -1.098
-3.000 -0.175 -1.234
-3.500 -0.203 -1.371
-4.000 -0.232 -1.503
-4.500 -0.259 -1.631
-5.000 -0.286 -1.760
-4.500 -0.257 -1.623
-4.000 -0.228 -1.488
-3.500 -0.199 -1.354
-3.000 -0.171 -1.220
-2.500 -0.142 -1.086
-2.000 -0.114 -0.953
-1.500 -0.086 -0.818
-1.000 -0.057 -0.683
-0.500 -0.029 -0.548
 0.000  0.000 -0.411
